500019274
500052371
500056722
500033877
500069182
500031405
500016871
500063834
500059739
500002896
500033291
500016780
500010665
500050775
500037836
500001139
500023813
500055611
500013155
500056204
500048127
500055196
500138432
500004091
500009054
500069093
500039410
500032505
500019863
500062265
500040775
500012147
500045734
500026780
500075440
500016835
500009985
500062334
500058994
500045965
500069371
500045176
500057398
500065261
500066565
500058938
500071938
500072246
500024763
500072598
500047228
500056323
500044485
500052507
500074637
500025950
500016208
500064283
500067037
500067178
500016201
500058338
500044704
500000017
500032487
500067298
500037312
500045813
500061174
500000176
500042250
500074742
500031309
500134984
500076163
500068034
500067565
500069065
500073141
500135057
500048915
500007959
500061411
500050180
500050402
500008609
500018809
500048472
500059071
500052279
500031935
500043646
500072956
500036952
500045853
500136056
500058896
500063832
500004636
500061136
500044116
500072047
500032566
500020684
500022027
500031427
500019652
500009796
500010983
500002584
500076080
500023680
500062206
500069449
500014038
500038249
500015795
500135668
500066339
500065470
500042137
500031577
500032998
500059159
500021397
500065268
500054735
500038282
500069120
500054926
500067511
500023962
500059226
500028975
500071040
500136076
500031474
500002149
500066789
500071841
500043193
500024640
500045204
500058185
500012629
500021168
500044488
500032307
500144213
500015013
500039536
500032840
500009005
500023555
500060564
500000299
500025081
500137204
500063228
500018441
500044586
500074435
500014046
500024280
500003739
500022414
500073922
500029241
500058777
500029695
500048139
500012455
500137765
500045923
500075272
500076173
500033975
500051919
500069535
500039433
500064640
500073146
500014448
500017360
500017905
500044581
500062374
500020537
500028392
500052363
500004540
500059371
500075265
500041217
500050734
500016738
500066453
500021428
500051047
500001660
500033242
500053692
500009126
500073175
500068900
500023992
500060128
500063706
500035976
500145854
500069970
500069337
500031063
500052267
500010204
500011523
500062117
500002274
500072563
500050023
500015580
500000773
500028408
500059536
500139277
500063930
500068540
500142954
500032002
500143323
500061496
500033197
500072600
500052922
500004348
500057930
500053417
500005883
500075671
500050059
500072918
500047075
500044667
500012501
500026486
500036863
500059220
500019279
500139157
500146325
500065878
500051822
500064136
500024049
500046599
500008866
500021672
500057095
500055871
500041694
500014723
500028079
500071411
500145861
500135600
500074410
500058325
500025025
500136530
500005886
500069941
500054546
500135889
500038840
500019508
500010228
500022922
500044561
500063615
500001724
500065075
500075464
500009534
500013788
500030070
500013907
500033445
500068157
500034060
500059322
500076515
500035484
500033551
500018773
500031339
500036703
500141874
500053841
500006012
500073681
500034191
500036746
500066557
500036562
500059137
500067097
500030210
500051925
500025921
500025932
500020925
500138481
500052128
500008088
500075053
500032954
500030806
500041250
500004555
500062323
500019275
500035230
500074943
500031733
500035502
500066374
500012477
500041806
500062309
500137045
500044876
500066426
500069912
500059550
500054417
500014331
500033708
500019199
500045778
500016606
500065691
500072696
500066634
500062630
500026896
500076262
500059073
500143219
500073109
500001331
500008753
500050858
500015198
500143004
500135985
500044048
500060611
500059015
500047061
500014542
500070717
500033114
500031221
500017430
500050783
500009191
500047947
500072060
500060554
500019609
500053899
500067876
500067539
500066766
500067885
500139005
500071827
500052383
500135484
500075862
500019347
500021180
500042051
500019056
500136249
500047611
500032427
500041134
500137268
500045166
500074167
500073297
500046919
500006839
500073637
500135252
500063891
500048780
500074364
500143105
500032722
500052148
500066088
500070315
500028442
500138546
500040734
500055344
500048683
500072200
500031481
500074967
500136656
500075994
500147045
500146524
500146973
500137025
500145652
500138644
500027034
500075114
500146778
500041154
500136707
500147170
500072617
500135429
500001948
500033134
500052797
500036388
500139327
500147910
500036665
500029651
500028232
500137045
500149538
500150430
500149237
500150070
500151208
500143714
500022751
500054045
500007713
500044305
500062150
500003301
500000733
500017051
500057378
500052878
500059706
500028351
500031776
500063784
500068237
500045910
500023492
500006239
500021360
500022878
500063391
500050781
500044988
500036809
500040592
500033988
500059173
500037350
500026289
500008101
500065242
500054593
500011488
500004073
500053530
500010505
500063452
500018559
500014618
500027312
500019004
500007878
500047420
500049244
500008080
500018701
500015412
500071519
500018481
500003137
500014090
500022491
500039122
500056773
500056933
500002084
500053244
500003296
500052324
500045003
500028336
500069534
500030552
500047352
500005613
500037151
500044282
500008872
500065249
500041895
500068539
500012056
500053820
500056015
500068042
500046821
500006826
500016425
500030981
500029858
500048464
500003230
500004810
500026965
500067111
500029360
500004053
500001177
500016142
500064612
500068077
500019827
500039302
500013301
500045867
500016040
500048148
500023991
500042973
500023948
500010452
500023818
500025919
500032604
500000302
500051300
500024389
500045993
500003868
500035604
500021633
500039179
500028746
500008800
500024570
500059938
500004294
500006131
500001757
500020994
500024400
500021267
500021335
500001788
500036175
500011148
500074038
500003207
500024025
500068195
500003599
500027910
500059579
500032935
500025962
500034617
500031798
500035457
500011738
500135517
500063865
500055136
500033271
500054468
500071109
500061454
500017495
500037414
500058258
500001327
500040877
500026575
500002096
500004486
500062639
500034931
500000376
500016149
500066881
500029683
500010174
500003773
500065240
500038520
500058547
500028845
500008115
500035023
500044970
500022222
500018751
500008154
500045593
500023340
500068807
500019813
500043488
500039392
500032629
500009273
500035883
500076026
500041427
500023771
500041168
500026653
500048283
500029586
500004779
500064484
500006621
500068355
500000743
500026037
500073734
500017406
500041067
500004965
500014469
500004538
500010021
500051878
500051091
500075326
500025039
500020661
500051826
500037228
500068176
500049865
500002142
500008712
500005085
500052632
500032977
500017629
500052803
500009594
500003442
500013570
500051953
500065614
500029271
500014736
500041901
500043692
500060570
500059240
500075988
500013109
500052417
500045277
500009069
500054464
500010744
500030556
500030921
500058394
500070997
500026444
500024150
500024694
500054996
500002380
500012160
500061867
500013918
500065463
500027365
500039844
500067559
500046314
500048630
500032323
500017662
500045232
500055717
500046063
500045316
500020801
500045951
500029195
500024765
500057894
500024774
500048745
500072230
500027369
500000724
500072108
500006344
500056054
500027260
500012051
500019407
500064245
500025548
500057833
500029144
500058361
500041743
500057761
500007333
500031340
500034611
500062191
500025729
500022036
500011152
500014004
500034227
500043498
500070311
500016023
500062315
500044834
500021926
500054637
500053119
500063480
500012550
500061300
500006540
500028321
500044313
500026275
500043695
500029680
500054355
500041786
500059017
500036350
500046152
500002703
500063225
500047189
500019129
500010520
500041355
500068620
500029166
500002567
500010921
500040274
500051949
500050295
500015157
500048761
500011786
500007529
500021600
500040075
500038561
500030603
500052938
500063120
500052419
500057910
500031115
500003156
500043244
500043568
500017409
500042852
500010907
500042260
500036801
500027673
500002639
500004023
500011274
500037958
500007038
500051454
500026455
500046534
500045927
500060730
500039279
500048076
500058907
500040778
500022370
500043598
500025265
500047104
500015686
500004186
500009909
500058118
500011102
500035673
500002818
500052072
500021406
500032603
500051357
500053440
500004498
500025554
500051810
500017544
500050172
500015752
500011230
500046129
500006758
500073150
500046256
500022233
500011757
500012520
500008855
500019222
500027638
500052041
500001434
500064866
500030668
500052899
500032669
500020804
500022219
500052295
500068261
500010931
500011888
500011066
500057772
500028737
500017735
500027146
500016237
500047831
500058650
500030658
500024460
500021145
500056658
500018619
500029300
500007758
500051610
500048497
500020459
500038236
500024923
500036241
500021159
500021760
500052541
500032980
500031959
500011130
500058727
500062326
500000738
500074605
500058917
500029771
500071553
500029432
500031894
500047946
500059016
500074247
500057272
500034780
500014391
500063308
500019002
500072580
500049930
500003358
500008249
500032236
500044066
500017107
500014430
500034841
500055512
500010801
500021075
500045023
500050166
500041599
500013226
500034375
500067880
500014546
500023936
500052197
500035043
500069196
500037702
500061104
500031951
500068550
500015668
500001679
500032244
500032666
500004841
500045036
500037496
500028383
500037283
500035420
500046142
500028389
500041331
500021819
500040155
500013169
500032676
500007335
500036766
500027583
500036135
500071328
500063582
500060058
500022186
500045964
500055220
500045597
500064770
500041830
500063637
500014346
500013491
500135797
500005663
500038633
500042390
500048604
500007279
500024552
500136442
500063409
500057773